Time,Speed_des,Wheel_speed,Speed_error,Sp_err_cum,Angle_des,imu_angle,angle_err,ang_err_cum,angle_diff,motor_output
1654023017.752766,0.7,0.0,0.7,0.00809481143951416,20,10.76550006866455,9.23449993133545,0.10678790811766703,798.5547285734903,-1237.3850411094652
1654023017.7756257,0.7,-2.8870251973470054,0.7,0.00809481143951416,20,10.774800300598145,9.225199699401855,0.3176742369050771,-0.40683764249434196,-209.0840165974502
1654023017.8012435,0.7,-1.4850948333740235,2.1850948333740234,0.06407221668987403,20,10.951700210571289,9.048299789428711,0.5494721142345043,-6.905341138586678,-208.51095780956547
1654023017.827944,0.7,-1.000311024983724,2.1850948333740234,0.06407221668987403,20,12.331600189208984,7.668399810791016,0.7542221978742418,-51.68068577551567,-131.56261441215304
1654023017.850914,0.7,-0.2488964875539144,0.9488964875539143,0.08586833215990357,20,14.268199920654297,5.731800079345703,0.885881423110277,-84.31010037055105,-55.058742340057236
1654023017.8774498,0.7,-0.8139853795369466,0.9488964875539143,0.08586833215990357,20,17.26729965209961,2.7327003479003906,0.9583956748242599,-113.02110531091924,41.62094585707382
1654023017.9038172,0.7,0.25355483690897623,0.4464451630910237,0.09763994192441411,20,20.200700759887695,-0.2007007598876953,0.9531037124061186,-111.25094716663803,101.1857616539651
1654023017.9279566,0.7,0.0,0.4464451630910237,0.09763994192441411,20,22.594100952148438,-2.5941009521484375,0.890483660735299,-99.1490992414665,138.8457659722587
1654023017.9517279,0.7,0.0,0.7,0.11427984213193364,20,23.60070037841797,-3.6007003784179688,0.8048903822009379,-42.345181737944316,90.41892509605806
1654023017.9773762,0.7,0.0,0.7,0.11427984213193364,20,23.579599380493164,-3.579599380493164,0.7130795447997116,0.8227037377878171,38.448094891246704
1654023018.003212,0.7,-0.16730103492736817,0.8673010349273681,0.13668721700219444,20,23.310400009155273,-3.3104000091552734,0.6275528695296089,10.419645081808365,24.595218109429425
1654023018.0264392,0.7,0.0,0.8673010349273681,0.13668721700219444,20,23.53700065612793,-3.5370006561279297,0.5453981954951814,-9.75582517295888,59.689676728773996
1654023018.0511878,0.7,0.0,0.7,0.15401121163873008,20,24.778600692749023,-4.778600692749023,0.42713469153613914,-50.168569309172184,144.21302007284638
1654023018.0780032,0.7,0.9202658335367838,0.7,0.15401121163873008,20,25.969600677490234,-5.969600677490234,0.2670573753953249,-44.41475211608223,169.74792320843557
1654023018.107233,0.7,0.0,0.7,0.17447212720422078,20,27.308399200439453,-7.308399200439453,0.05343374831090841,-45.802396430639725,210.34781115351473
1654023018.1271386,0.7,0.0,0.7,0.17447212720422078,20,27.958599090576172,-7.958599090576172,-0.10498668045920567,-32.66422326027069,214.84340516341177
1654023018.1523488,0.7,0.0,0.7,0.19211922669915488,20,28.09239959716797,-8.092399597167969,-0.30899722452204514,-5.30740786275641,192.28988298821292
1654023018.1775248,0.7,0.0,0.7,0.19211922669915488,20,28.135299682617188,-8.135299682617188,-0.5138119220941917,-1.7040039395431645,198.74709456107664
1654023018.2013197,0.7,0.0,0.7,0.20877564931420614,20,28.49850082397461,-8.49850082397461,-0.7160328096920239,-15.263829744596856,234.1131364560439
1654023018.2320616,0.7,0.0,0.7,0.20877564931420614,20,28.992900848388672,-8.992900848388672,-0.9924919381414838,-16.082270185588758,259.3824659645017
1654023018.2528174,0.7,0.0,0.7,0.22330468678979207,20,29.569299697875977,-9.569299697875977,-1.1911101008922742,-27.770538503951478,296.61249875514613
1654023018.2774847,0.7,0.2402896563212077,0.7,0.22330468678979207,20,30.040000915527344,-10.040000915527344,-1.4387694443071268,-19.082020451953372,307.58511802896993
1654023018.3007414,0.7,0.49735616048177084,0.20264383951822912,0.2280175297238391,20,30.523000717163086,-10.523000717163086,-1.6835005434254526,-20.768129907940867,332.1566111120206
1654023018.32606,0.7,0.25237092971801756,0.20264383951822912,0.2280175297238391,20,30.53510093688965,-10.535100936889648,-1.9502347879847548,-0.477917773132192,319.3701521789922
1654023018.3507638,0.7,0.6879404067993165,0.012059593200683505,0.22831544679172183,20,29.975799560546875,-9.975799560546875,-2.1966743573307213,22.64035130048738,289.8930519473868
1654023018.3767664,0.7,0.6643074035644532,0.012059593200683505,0.22831544679172183,20,29.184200286865234,-9.184200286865234,-2.435487861522688,30.443028341417346,275.06666225646177
1654023018.4015563,0.7,0.7619173049926757,-0.06191730499267578,0.22678052855405512,20,28.167499542236328,-8.167499542236328,-2.6379586248253872,41.012849119027464,250.09871777349656
1654023018.42616,0.7,0.9243367513020834,-0.06191730499267578,0.22678052855405512,20,26.88949966430664,-6.889499664306641,-2.8074667976611636,51.94309856971201,217.52680469287202
1654023018.4511535,0.7,0.8886374155680339,-0.18863741556803393,0.22206583446559683,20,25.517000198364258,-5.517000198364258,-2.94535549881266,54.9144328913479,191.73601634753012
1654023018.4771705,0.7,1.1598375956217448,-0.18863741556803393,0.22206583446559683,20,23.985200881958008,-3.985200881958008,-3.049038273318729,58.87697369023945,159.60106638974332
1654023018.5013275,0.7,1.2411533355712892,-0.5411533355712892,0.20899316775694762,20,22.143699645996094,-2.1436996459960938,-3.100823727003444,76.23039418882375,100.9593664706193
1654023018.5269601,0.7,1.0814263661702475,-0.5411533355712892,0.20899316775694762,20,20.430599212646484,-0.4305992126464844,-3.1118611129322744,66.83282640846053,77.7529647811912
1654023018.550608,0.7,0.5076375007629395,0.1923624992370605,0.21354211481689536,20,19.829700469970703,0.17029953002929688,-3.107833906228734,25.410360333111527,118.78193674777648
1654023018.576735,0.7,0.9169298807779948,0.1923624992370605,0.21354211481689536,20,20.69930076599121,-0.6993007659912109,-3.126104607265461,-33.28346032759958,214.2590448749679
1654023018.6010873,0.7,0.9340829213460287,-0.2340829213460287,0.20784165446180314,20,21.46150016784668,-1.4615001678466797,-3.161695515469546,-31.298851587511383,229.46478636202238
1654023018.627135,0.7,0.8118300755818685,-0.2340829213460287,0.20784165446180314,20,22.252300262451172,-2.252300262451172,-3.220362771889995,-30.359682202614138,247.78403096937274
1654023018.6505692,0.7,1.0008361180623373,-0.30083611806233734,0.20079181209359445,20,22.068199157714844,-2.0681991577148438,-3.268829286289474,7.856099297995727,196.66071753909097
1654023018.6763227,0.7,0.8032848993937175,-0.30083611806233734,0.20079181209359445,20,21.715200424194336,-1.715200424194336,-3.313001697116306,13.706826640004444,183.85041913189056
1654023018.701077,0.7,1.1972779591878255,-0.4972779591878256,0.188482051363663,20,20.883699417114258,-0.8836994171142578,-3.334877045059784,33.590183670914115,141.63430124020027
1654023018.7267458,0.7,1.2592179616292318,-0.4972779591878256,0.188482051363663,20,19.97279930114746,0.027200698852539062,-3.334178834143131,35.486583134410154,120.00516895652004
1654023018.7505853,0.7,0.9155979156494141,-0.2155979156494141,0.18334231051851088,20,18.89900016784668,1.1009998321533203,-3.3079315775739815,45.04290429042904,83.71980682592158
1654023018.7768831,0.7,0.6348657608032227,-0.2155979156494141,0.18334231051851088,20,19.540700912475586,0.45929908752441406,-3.295853018496473,-24.401301892095265,186.8690625465348
1654023018.802186,0.7,1.0851971944173178,-0.3851971944173178,0.1735957094497469,20,20.166500091552734,-0.16650009155273438,-3.3000659514923427,-24.732323232323232,200.65181969924475
1654023018.8264987,0.7,0.6729405721028646,-0.3851971944173178,0.1735957094497469,20,20.872499465942383,-0.8724994659423828,-3.3212787994498285,-29.03825447413582,222.13615957365803
1654023018.8505177,0.7,1.2532581329345702,-0.5532581329345703,0.16030700074236007,20,21.059499740600586,-1.059499740600586,-3.3467269268071504,-7.785513633701597,199.7070086167819
1654023018.877061,0.7,0.9997149149576823,-0.5532581329345703,0.16030700074236007,20,20.763999938964844,-0.7639999389648438,-3.3670058844613777,11.132812359651487,169.92163687378368
1654023018.9012434,0.7,1.22159792582194,-0.5215979258219401,0.14769342861735588,20,19.723800659179688,0.2761993408203125,-3.3603266778659417,43.01444360094253,106.29737105484523
1654023018.9266713,0.7,1.0307675043741862,-0.5215979258219401,0.14769342861735588,20,18.596599578857422,1.4034004211425781,-3.3246412669573147,44.32944529872857,79.13237561552444
1654023018.955726,0.7,0.679977289835612,0.020022710164387947,0.14827518128751832,20,18.275999069213867,1.7240009307861328,-3.274551037582114,11.03439900216635,113.17881362978066
1654023018.9754255,0.7,1.0062626520792644,0.020022710164387947,0.14827518128751832,20,19.391199111938477,0.6088008880615234,-3.262557919730625,-56.61036477622056,223.93655154632597
1654023019.0007246,0.7,1.2503589630126952,-0.5503589630126953,0.1343516101102257,20,20.027599334716797,-0.027599334716796875,-3.2632561572941086,-25.15508142340169,196.44399974418036
1654023019.0269043,0.7,0.8596679051717122,-0.5503589630126953,0.1343516101102257,20,21.01740074157715,-1.0174007415771484,-3.289891495559914,-37.807842922973244,235.01018615098104
1654023019.0513113,0.7,1.5713092803955078,-0.8713092803955078,0.11308564297143744,20,20.43160057067871,-0.43160057067871094,-3.3004255318196556,24.00140666210804,142.88305991449525
1654023019.0762951,0.7,1.085067621866862,-0.8713092803955078,0.11308564297143744,20,19.77790069580078,0.22209930419921875,-3.2948766288104707,26.164863059452237,126.06542407505204
1654023019.1007545,0.7,1.3555374145507812,-0.6555374145507813,0.09705161602471049,20,18.37150001525879,1.628499984741211,-3.2550445581177883,57.499483380446435,53.80439983174361
1654023019.1259813,0.7,0.4169553438822428,-0.6555374145507813,0.09705161602471049,20,18.736000061035156,1.2639999389648438,-3.223157844722209,-14.44890321239214,153.39746769395853
1654023019.1508245,0.7,0.8405486424763997,-0.14054864247639975,0.09355993574926054,20,20.131500244140625,-0.131500244140625,-3.2264247336838707,-56.17228406909789,237.10671110097394
1654023019.175825,0.7,1.3785102844238282,-0.14054864247639975,0.09355993574926054,20,21.27090072631836,-1.2709007263183594,-3.2581979790570585,-45.574976158687775,248.8462832118326
1654023019.2012906,0.7,0.6750362396240235,0.024963760375976474,0.09419565010038007,20,22.65679931640625,-2.65679931640625,-3.3258546713200303,-54.42261960490591,292.83492469691043
1654023019.2267678,0.7,1.6819061279296874,0.024963760375976474,0.09419565010038007,20,22.2898006439209,-2.2898006439208984,-3.384192313753374,14.405000982603244,198.56892793262335
1654023019.2534263,0.7,1.179690170288086,-0.479690170288086,0.08140781290484249,20,21.63319969177246,-1.633199691772461,-3.4277310249044604,24.630046326935805,173.66468454742815
1654023019.275517,0.7,1.2735482533772786,-0.479690170288086,0.08140781290484249,20,19.6835994720459,0.31640052795410156,-3.420741524163077,88.25444930117101,49.661881029595406
1654023019.300682,0.7,0.25430504480997723,0.4456949551900227,0.09262376256426319,20,19.7677001953125,0.2322998046875,-3.414895680756217,-3.3419611558503077,170.21103764197875
1654023019.3266168,0.7,1.5010751088460286,0.4456949551900227,0.09262376256426319,20,20.44700050354004,-0.44700050354003906,-3.426488503015662,-26.192722793211864,214.76197535629933
1654023019.3505259,0.7,1.6111066182454428,-0.9111066182454428,0.07084003065286872,20,21.591400146484375,-1.591400146484375,-3.4645374354463456,-47.864621766618136,268.87028314509274
1654023019.3753154,0.7,0.8977254867553711,-0.9111066182454428,0.07084003065286872,20,23.11240005493164,-3.1124000549316406,-3.5416924999603907,-61.35644145227218,322.2084000395378
1654023019.4007053,0.7,1.6764207204182944,-0.9764207204182944,0.04604879668902026,20,23.096200942993164,-3.096200942993164,-3.620304762453088,0.6380137661630342,245.20604002949892
1654023019.4266367,0.7,1.189902369181315,-0.9764207204182944,0.04604879668902026,20,22.297100067138672,-2.297100067138672,-3.679871687430932,30.816005295869957,192.17187889682776
1654023019.4505801,0.7,0.9304660161336263,-0.23046601613362638,0.04053065109532091,20,21.294300079345703,-1.2943000793457031,-3.710861663304968,41.882062414115865,158.27670369315751
1654023019.4758892,0.7,1.2425947825113932,-0.23046601613362638,0.04053065109532091,20,21.624500274658203,-1.6245002746582031,-3.751976280213057,-13.046705729411986,238.6740372267107
1654023019.5011778,0.7,1.5858680725097656,-0.8858680725097656,0.01812830383699967,20,21.313899993896484,-1.3138999938964844,-3.785202947748985,12.282234038541313,200.8851430091717
1654023019.526511,0.7,1.0326180775960287,-0.8858680725097656,0.01812830383699967,20,21.67639923095703,-1.6763992309570312,-3.8276714479543443,-14.309274857653758,245.19001356276476
1654023019.551055,0.7,1.8374530792236328,-1.1374530792236328,-0.009789345251067595,20,21.440200805664062,-1.4402008056640625,-3.8630197374295676,9.623468842585847,210.8846942950621
1654023019.5753956,0.7,1.169763437906901,-1.1374530792236328,-0.009789345251067595,20,20.902299880981445,-0.9022998809814453,-3.8849822846004827,22.098891196175998,184.4688531756057
1654023019.6041672,0.7,0.5814208984375,0.11857910156249996,-0.006377630163353923,20,21.188800811767578,-1.1888008117675781,-3.9191860322453067,-9.957754998881311,233.86920015793018
1654023019.626679,0.7,1.6839319864908855,0.11857910156249996,-0.006377630163353923,20,21.947999954223633,-1.9479999542236328,-3.963038863055317,-33.72461634593999,282.90194344118413
1654023019.6507313,0.7,1.4395955403645833,-0.7395955403645833,-0.024166664267367428,20,22.27750015258789,-2.2775001525878906,-4.017818165626977,-13.699275398233597,266.52746950339827
1654023019.6758866,0.7,1.4283830006917317,-0.7395955403645833,-0.024166664267367428,20,22.847999572753906,-2.8479995727539062,-4.089460465975662,-22.6790889876693,293.76383001058525
1654023019.7012722,0.7,1.997858428955078,-1.297858428955078,-0.05711360283524232,20,22.028600692749023,-2.0286006927490234,-4.140957748662004,32.278074665414415,207.68700491579094
1654023019.7261734,0.7,0.16223036448160807,-1.297858428955078,-0.05711360283524232,20,21.884000778198242,-1.8840007781982422,-4.187871537762021,5.80695690472315,241.40854925412404
1654023019.7511601,0.7,1.909067408243815,-1.209067408243815,-0.08732426055551445,20,22.67919921875,-2.67919921875,-4.254816002570351,-31.824812503578176,310.3762399769192
1654023019.7772803,0.7,1.5654568990071616,-1.209067408243815,-0.08732426055551445,20,23.21419906616211,-3.2141990661621094,-4.338771479543993,-20.482237394574465,311.06366297955077
1654023019.8019247,0.7,1.5770182291666666,-0.8770182291666666,-0.10893782654311136,20,23.27359962463379,-3.273599624633789,-4.419447295793816,-2.41030899909061,292.8513586058182
1654023019.827414,0.7,1.7629474639892577,-0.8770182291666666,-0.10893782654311136,20,22.363500595092773,-2.3635005950927734,-4.479691343106879,35.70509774576747,227.20145258279447
1654023019.8511221,0.7,0.2457638422648112,0.4542361577351888,-0.09816874798108309,20,22.574800491333008,-2.574800491333008,-4.540734983734183,-8.912559458562535,292.6938868008336
1654023019.87928,0.7,2.4164960225423178,0.4542361577351888,-0.09816874798108309,20,22.8218994140625,-2.8218994140625,-4.620193884781656,-8.775458709770286,301.6776782570967
1654023019.9020438,0.7,1.9467645009358725,-1.2467645009358725,-0.12654975732622242,20,22.965700149536133,-2.965700149536133,-4.687704279564059,-6.317099227047068,304.8771461136229
1654023019.9263456,0.7,2.021789805094401,-1.2467645009358725,-0.12654975732622242,20,22.356599807739258,-2.356599807739258,-4.74497381982701,25.0640347693002,254.15404175378464
1654023019.9510293,0.7,0.7538650512695313,-0.05386505126953134,-0.12787934684166666,20,22.29640007019043,-2.2964000701904297,-4.8016575021893,2.4388444040915283,285.1367788581451
1654023019.9766808,0.7,2.090712610880534,-0.05386505126953134,-0.12787934684166666,20,23.3971004486084,-3.3971004486083984,-4.888798071224301,-42.909861511292874,371.56183294667215
1654023020.001524,0.7,2.472734832763672,-1.7727348327636718,-0.17191978110059844,20,23.431299209594727,-3.4312992095947266,-4.97404257845119,-1.3765834932821497,322.54897086531554
1654023020.0286672,0.7,1.8191954294840496,-1.7727348327636718,-0.17191978110059844,20,22.534099578857422,-2.534099578857422,-5.0428262514406015,33.05425702917073,262.386869590114
1654023020.052447,0.7,1.2552084604899088,-0.5552084604899088,-0.1851225656029291,20,21.57539939880371,-1.575399398803711,-5.080289042892218,40.31562061359535,234.68753272181488
1654023020.0772798,0.7,1.9924015045166015,-0.5552084604899088,-0.1851225656029291,20,22.549800872802734,-2.5498008728027344,-5.143607548109685,-39.23860363301202,361.73638045725727
1654023020.101193,0.7,2.908647664388021,-2.208647664388021,-0.2379382775995927,20,22.497900009155273,-2.4979000091552734,-5.203340193387248,2.170390532308398,309.80140216962224
1654023020.128497,0.7,1.919368362426758,-2.208647664388021,-0.2379382775995927,20,22.137100219726562,-2.1371002197265625,-5.261691436945966,13.214205254931409,290.7852096301453
1654023020.1532693,0.7,0.5832782745361328,0.11672172546386717,-0.23504679967122313,20,22.052200317382812,-2.0522003173828125,-5.312529375630675,3.4271965198309964,304.26731997079247
1654023020.1775563,0.7,2.336120351155599,0.11672172546386717,-0.23504679967122313,20,23.339000701904297,-3.339000701904297,-5.3936236369195285,-52.98312505521906,408.6782591577514
1654023020.2026036,0.7,2.656488545735677,-1.956488545735677,-0.28405155961728507,20,23.384700775146484,-3.3847007751464844,-5.47840126024721,-1.8245507158087115,347.370695220988
1654023020.2278109,0.7,1.8535174051920573,-1.956488545735677,-0.28405155961728507,20,22.9419002532959,-2.9419002532958984,-5.552558566937478,17.566373773965022,316.5715477599332
1654023020.2521691,0.7,1.3404293060302734,-0.6404293060302735,-0.29965131120417265,20,21.969900131225586,-1.969900131225586,-5.600541931235057,39.90431258931543,269.5193929513801
1654023020.2767656,0.7,2.266701253255208,-0.6404293060302735,-0.29965131120417265,20,22.28809928894043,-2.2880992889404297,-5.656821057198158,-12.936790578199972,347.70896567931686
1654023020.3006015,0.7,2.8559422810872395,-2.1559422810872393,-0.3510401303149707,20,21.484699249267578,-1.4846992492675781,-5.692210196241376,33.70546636659165,271.97208777011883
1654023020.3276827,0.7,1.369865926106771,-2.1559422810872393,-0.3510401303149707,20,20.626300811767578,-0.6263008117675781,-5.709171205816801,31.697148441282895,257.40458436429145
1654023020.351328,0.7,0.9171485900878906,-0.21714859008789067,-0.3561746440321373,20,21.569799423217773,-1.5697994232177734,-5.746289368400539,-39.90239475674313,372.1533694913663
1654023020.3763587,0.7,2.750340779622396,-0.21714859008789067,-0.3561746440321373,20,21.766000747680664,-1.766000747680664,-5.790493870624687,-7.838379989903512,336.80060321940283
1654023020.4012163,0.7,1.747335433959961,-1.047335433959961,-0.38220880663567425,20,21.339500427246094,-1.3395004272460938,-5.82379053070099,17.15779781315941,297.0138983501102
1654023020.4266734,0.7,1.765036392211914,-1.047335433959961,-0.38220880663567425,20,20.098499298095703,-0.09849929809570312,-5.826298041495193,48.74863966284243,230.01015577307425
1654023020.452016,0.7,0.9288026809692382,-0.22880268096923828,-0.38800728499433046,20,20.753400802612305,-0.7534008026123047,-5.845391254174501,-25.841817583141257,341.6853424216671
1654023020.476988,0.7,2.9917999267578126,-0.22880268096923828,-0.38800728499433046,20,20.62660026550293,-0.6266002655029297,-5.8610386921782265,5.0777162497613135,299.60950905978314
1654023020.5005908,0.7,2.10192756652832,-1.4019275665283202,-0.42109659452067955,20,20.505699157714844,-0.5056991577148438,-5.87297456986289,5.1223370405163795,297.6093726524849
1654023020.5263228,0.7,0.9327232996622722,-1.4019275665283202,-0.42109659452067955,20,19.965900421142578,0.034099578857421875,-5.872097118121928,20.977688829590097,265.61776927162344
1654023020.5520766,0.7,1.7195006052652995,-1.0195006052652995,-0.4473525444661657,20,21.671600341796875,-1.671600341796875,-5.915147072851141,-66.23116303613253,416.96147276726373
1654023020.577468,0.7,2.699773152669271,-1.0195006052652995,-0.4473525444661657,20,22.02669906616211,-2.0266990661621094,-5.9666076784360484,-13.985032723311956,359.0716068515123
1654023020.600609,0.7,2.257429504394531,-1.5574295043945312,-0.48339324755445817,20,21.822399139404297,-1.8223991394042969,-6.008780082455814,8.828427483747333,327.2324303214094
1654023020.626247,0.7,1.0097024281819662,-1.5574295043945312,-0.48339324755445817,20,21.480100631713867,-1.4801006317138672,-6.046726702736578,13.351287511740582,316.06177463755733
1654023020.6512558,0.7,2.107148361206055,-1.407148361206055,-0.5185845039223107,20,23.294599533081055,-3.2945995330810547,-6.129121068529457,-72.55407788741122,469.96294487480964
1654023020.6764138,0.7,3.467113240559896,-1.407148361206055,-0.5185845039223107,20,23.008699417114258,-3.008699417114258,-6.204813713243311,11.364215314632297,358.649893512543
1654023020.7003937,0.7,2.6741287231445314,-1.9741287231445315,-0.5659239177666944,20,21.75629997253418,-1.7562999725341797,-6.246929614937017,52.22704540709293,281.3336211408478
1654023020.7262087,0.7,1.3341934204101562,-1.9741287231445315,-0.5659239177666944,20,23.753700256347656,-3.7537002563476562,-6.343831424857399,-77.37360079796076,496.6049576635197
1654023020.7562468,0.7,3.5939618428548177,-2.893961842854818,-0.6528530861387141,20,24.148300170898438,-4.1483001708984375,-6.468438556393721,-13.136638912920969,427.61386199535053
1654023020.7767105,0.7,2.6777137756347655,-2.893961842854818,-0.6528530861387141,20,23.706499099731445,-3.7064990997314453,-6.544287260786405,21.589495636774593,376.9844998058736
1654023020.8009686,0.7,2.1591529846191406,-1.4591529846191407,-0.6882494187777071,20,24.376300811767578,-4.376300811767578,-6.650448164334193,-27.611424527745562,460.319577149898
1654023020.8265796,0.7,3.328116861979167,-1.4591529846191407,-0.6882494187777071,20,26.02429962158203,-6.024299621582031,-6.804736042692639,-64.34749581083597,550.3988387419414
1654023020.852293,0.7,3.533722686767578,-2.8337226867675778,-0.7611141877042997,20,25.641599655151367,-5.641599655151367,-6.9498009981198265,14.883263792304126,446.6153997341747
1654023020.8760753,0.7,2.753876495361328,-2.8337226867675778,-0.7611141877042997,20,24.556800842285156,-4.556800842285156,-7.058171989830953,45.61379448621554,389.3034843474557
1654023020.9006493,0.7,2.423023732503255,-1.7230237325032551,-0.8034558441824289,20,26.161399841308594,-6.161399841308594,-7.209582484407292,-65.29650435136945,574.7539765446254
1654023020.9259033,0.7,3.4064366658528646,-1.7230237325032551,-0.8034558441824289,20,25.166200637817383,-5.166200637817383,-7.340049772939437,39.40756964965116,424.2628614965904
1654023020.9529212,0.7,3.2692555745442706,-2.569255574544271,-0.8728715591527627,20,23.325300216674805,-3.3253002166748047,-7.429892174885936,68.136497207049,352.748466925304
1654023020.976547,0.7,2.1096411387125653,-2.569255574544271,-0.8728715591527627,20,24.824600219726562,-4.8246002197265625,-7.543877459255782,-63.46014894948231,561.0086712113739
1654023021.000865,0.7,4.19729258219401,-3.49729258219401,-0.9579186495653895,20,24.503599166870117,-4.503599166870117,-7.653395892879871,13.200152945674873,460.08517831888867
1654023021.0256436,0.7,3.5144994099934896,-3.49729258219401,-0.9579186495653895,20,23.29759979248047,-3.2975997924804688,-7.735105813961582,48.670996545718715,392.7325908307346
1654023021.0508668,0.7,2.8183514912923178,-2.1183514912923176,-1.0113503697434643,20,23.894699096679688,-3.8946990966796875,-7.833342803038704,-23.672571223320794,504.23016377252566
1654023021.0805247,0.7,3.922124481201172,-2.1183514912923176,-1.0113503697434643,20,22.70009994506836,-2.7000999450683594,-7.913421937161274,40.279370387639275,400.0100142005682
1654023021.1008215,0.7,3.3243136088053387,-2.6243136088053385,-1.064615569841313,20,21.968000411987305,-1.9680004119873047,-7.953366071652454,36.069680844815636,392.10572713609577
1654023021.126811,0.7,3.073663075764974,-2.6243136088053385,-1.064615569841313,20,22.91950035095215,-2.9195003509521484,-8.029242520821754,-36.61089094378394,510.36579163800195
1654023021.1504776,0.7,3.905589548746745,-3.2055895487467447,-1.1404810403833494,20,21.604900360107422,-1.6049003601074219,-8.067225088190753,55.546587417518765,364.8535983290191
1654023021.177241,0.7,3.3208269755045574,-3.2055895487467447,-1.1404810403833494,20,21.258899688720703,-1.2588996887207031,-8.10091757344162,12.92810946603239,414.67622982937365
1654023021.2075412,0.7,3.3622830708821616,-2.662283070882162,-1.2211485911646642,20,21.56909942626953,-1.5690994262695312,-8.148461506329113,-10.237567669646229,453.6830012386559
1654023021.2262578,0.7,3.168633778889974,-2.662283070882162,-1.2211485911646642,20,20.309600830078125,-0.309600830078125,-8.15425617308756,67.29322446275938,326.73323428443143
1654023021.2515717,0.7,2.3235710144042967,-1.6235710144042967,-1.2622474311351009,20,21.079299926757812,-1.0792999267578125,-8.181577414090498,-30.406238815529225,471.2722796266269
1654023021.2799478,0.7,3.835626983642578,-1.6235710144042967,-1.2622474311351009,20,22.236499786376953,-2.236499786376953,-8.245040561152564,-40.78078946041775,512.2335498700872
1654023021.3009908,0.7,3.3257265726725262,-2.6257265726725265,-1.317500758750517,20,21.200899124145508,-1.2008991241455078,-8.270311156129992,49.21340116246134,374.7570179023555
1654023021.3261266,0.7,2.059918975830078,-2.6257265726725265,-1.317500758750517,20,21.033300399780273,-1.0333003997802734,-8.296283942377158,6.667741660106045,427.8454413561058
1654023021.3520389,0.7,4.0028844197591145,-3.3028844197591143,-1.4030860406654901,20,20.438100814819336,-0.43810081481933594,-8.307636135484245,22.9697839608406,394.7212047363255
1654023021.3839738,0.7,3.6222073872884115,-3.3028844197591143,-1.4030860406654901,20,19.612199783325195,0.3878002166748047,-8.295251744647885,25.86195826645265,372.99823693583494
1654023021.4010172,0.7,3.0216878255208335,-2.3216878255208337,-1.4426553838049851,20,20.058399200439453,-0.058399200439453125,-8.296247062784914,-26.18026159334126,450.0730764198179
1654023021.42608,0.7,3.9392107645670573,-2.3216878255208337,-1.4426553838049851,20,18.849300384521484,1.1506996154785156,-8.267407309090686,48.24276785799222,326.4900753140956
1654023021.451832,0.7,3.496751912434896,-2.796751912434896,-1.514677528019119,20,17.26919937133789,2.7308006286621094,-8.197083546792328,61.35821945709736,272.74167884348554
1654023021.4776406,0.7,2.590252431233724,-2.796751912434896,-1.514677528019119,20,17.659400939941406,2.3405990600585938,-8.136676025627366,-15.119068074531866,377.3360095170293
1654023021.5021448,0.7,3.7138648986816407,-3.013864898681641,-1.5885298302262794,20,17.040700912475586,2.959299087524414,-8.064160814136358,25.248749732433012,308.2393852166423
1654023021.526068,0.7,1.7757855733235677,-3.013864898681641,-1.5885298302262794,20,16.029699325561523,3.9703006744384766,-7.969178681230915,42.26037213103318,260.1441361279946
1654023021.550804,0.7,2.9338770548502606,-2.233877054850261,-1.6437868512816713,20,16.273399353027344,3.7266006469726562,-7.876997757501158,-9.852067469879518,328.3989619994755
1654023021.5772703,0.7,2.5817970275878905,-2.233877054850261,-1.6437868512816713,20,15.389399528503418,4.610600471496582,-7.75497190121132,33.400872009224564,247.50485154714585
1654023021.6007826,0.7,1.7575441996256511,-1.0575441996256512,-1.6686522148506169,20,16.965999603271484,3.0340003967285156,-7.683635381225031,-67.05408748909936,407.63807446578187
1654023021.626704,0.7,4.102999623616537,-1.0575441996256512,-1.6686522148506169,20,17.12849998474121,2.871500015258789,-7.609202239359547,-6.268979599345119,328.30828512669143
1654023021.651211,0.7,2.8425529479980467,-2.1425529479980465,-1.72115985796011,20,17.37350082397461,2.6264991760253906,-7.5448345039012565,-9.997159256737037,335.0815495322878
1654023021.676399,0.7,2.4690841674804687,-2.1425529479980465,-1.72115985796011,20,19.683500289916992,0.3164997100830078,-7.53686251894942,-91.71042916911193,489.42018995557333
1654023021.7024643,0.7,3.833154296875,-3.1331542968750004,-1.8028266199926561,20,20.29199981689453,-0.29199981689453125,-7.544473596253738,-23.345151199165798,413.7043725263876
1654023021.7279298,0.7,3.1741617838541667,-3.1331542968750004,-1.8028266199926561,20,21.326499938964844,-1.3264999389648438,-7.578253565106934,-40.62361202134632,459.5798726013586
1654023021.7510037,0.7,2.8205589294433593,-2.1205589294433596,-1.8517562094150248,20,23.609100341796875,-3.609100341796875,-7.661529627590426,-98.92559336219634,587.4708599281109
1654023021.7759745,0.7,3.292152913411458,-2.1205589294433596,-1.8517562094150248,20,23.259700775146484,-3.2597007751464844,-7.7429268655314445,13.992342578889579,437.41001420209193
1654023021.8030136,0.7,4.081488291422526,-3.381488291422526,-1.9431884439717544,20,24.87660026550293,-4.87660026550293,-7.874785509089634,-59.798677365311704,573.8861616049485
1654023021.8264518,0.7,3.258393096923828,-3.381488291422526,-1.9431884439717544,20,25.507999420166016,-5.507999420166016,-8.003883185127961,-26.938875156397813,550.8826847832015
1654023021.8506556,0.7,2.6589004516601564,-1.9589004516601565,-1.9906012342825272,20,25.876800537109375,-5.876800537109375,-8.146123956642441,-15.237337220985442,550.5275474987
1654023021.877397,0.7,4.130907185872396,-1.9589004516601565,-1.9906012342825272,20,26.31599998474121,-6.315999984741211,-8.315023299724999,-16.42388687790874,569.7382176070968
1654023021.901414,0.7,3.078272247314453,-2.3782722473144533,-2.0477198591034687,20,25.70490074157715,-5.704900741577148,-8.452037085874508,25.44459666051184,509.3267942081801
1654023021.9270494,0.7,4.747061665852865,-2.3782722473144533,-2.0477198591034687,20,25.493799209594727,-5.493799209594727,-8.592873270474684,8.234740474131117,534.308284308853
1654023021.9506896,0.7,3.4060986836751304,-2.7060986836751306,-2.1116924535747144,20,23.553199768066406,-3.5531997680664062,-8.676871466552711,82.08911390362466,401.744920382318
1654023021.9759479,0.7,4.367478434244791,-2.7060986836751306,-2.1116924535747144,20,23.81839942932129,-3.818399429321289,-8.77331775512448,-10.499504441151206,532.5016315454677
1654023022.0013647,0.7,3.55645751953125,-2.85645751953125,-2.1842946088613004,20,22.86720085144043,-2.8672008514404297,-8.846192972077915,37.4239348629533,453.8697511623055
1654023022.0260208,0.7,3.912659200032552,-2.85645751953125,-2.1842946088613004,20,22.988300323486328,-2.988300323486328,-8.919872676256091,-4.911550548759851,515.1329563194053
1654023022.050238,0.7,3.6123611450195314,-2.9123611450195312,-2.2548236336874012,20,21.776899337768555,-1.7768993377685547,-8.962904076301129,50.022486069269696,420.4308580181455
1654023022.0755174,0.7,4.181790669759114,-2.9123611450195312,-2.2548236336874012,20,22.0762996673584,-2.0762996673583984,-9.01539193930057,-11.843591436385928,509.7685588468566
1654023022.1024215,0.7,4.595238749186198,-3.8952387491861975,-2.35962155043668,20,20.508800506591797,-0.5088005065917969,-9.029080762134072,58.26245081705718,386.397662682957
1654023022.127271,0.7,3.4025545756022137,-3.8952387491861975,-2.35962155043668,20,20.12030029296875,-0.12030029296875,-9.032070154017674,15.634179571316178,433.8053804105164
1654023022.1505876,0.7,3.253947448730469,-2.5539474487304688,-2.4191709771457344,20,18.937599182128906,1.0624008178710938,-9.007298555968191,50.72351912635357,362.11393575885694
1654023022.1757925,0.7,4.085285186767578,-2.5539474487304688,-2.4191709771457344,20,19.991500854492188,0.0084991455078125,-9.0070843358817,-41.81336965672503,504.5331152921635
1654023022.2013855,0.7,4.866662089029948,-4.1666620890299475,-2.525808536546989,20,19.225000381469727,0.7749996185302734,-8.987249737805087,29.949564488332015,394.15306106628697
1654023022.2274044,0.7,2.9755276997884113,-4.1666620890299475,-2.525808536546989,20,18.00309944152832,1.9969005584716797,-8.93529266582209,46.96212808459558,343.77895505322493
1654023022.250852,0.7,2.107809066772461,-1.407809066772461,-2.5588184944064745,20,19.46769905090332,0.5323009490966797,-8.92281140517889,-62.46226117726011,516.1631898583524
1654023022.27654,0.7,3.449401601155599,-1.407809066772461,-2.5588184944064745,20,21.146799087524414,-1.146799087524414,-8.952270303267142,-65.36532303722748,556.6712159497655
